-------------------------------
正例计数矩阵：
1700	857	1368	862	
594	778	1024	679	
1344	626	1269	847	
1146	813	429	805	
-------------------------------
负例计数矩阵：
615	632	580	623	
604	596	639	653	
630	601	632	622	
600	656	636	631	
-------------------------------
正转移矩阵：
0.35512847294756633	0.1790265301859202	0.28577397117192394	0.18007102569458952	
0.19317073170731708	0.2530081300813008	0.3330081300813008	0.2208130081300813	
0.328928046989721	0.15320606950562898	0.31057268722466963	0.2072931962799804	
0.3589101158784842	0.25461948011274665	0.13435640463513937	0.2521139993736298	
-------------------------------
负转移矩阵：
0.2510204081632653	0.25795918367346937	0.23673469387755103	0.2542857142857143	
0.24237560192616373	0.2391653290529695	0.25642054574638845	0.26203852327447835	
0.2535211267605634	0.24185110663983903	0.2543259557344064	0.25030181086519115	
0.23781212841854935	0.2600079270709473	0.2520808561236623	0.2500990883868411	

-------------------------------
第0条测试序列得分:
-0.055765833782915226
得分小于0
认为不是功能序列
-------------------------------
第1条测试序列得分:
-0.06570351096193022
得分小于0
认为不是功能序列
-------------------------------
第2条测试序列得分:
-0.10200057028555343
得分小于0
认为不是功能序列
-------------------------------
第3条测试序列得分:
-0.09436187267581042
得分小于0
认为不是功能序列
-------------------------------
第4条测试序列得分:
-0.03733175744709002
得分小于0
认为不是功能序列
-------------------------------
第5条测试序列得分:
-0.0077138753872233075
得分小于0
认为不是功能序列
-------------------------------
第6条测试序列得分:
-0.11645922157162497
得分小于0
认为不是功能序列
-------------------------------
第7条测试序列得分:
-0.031081895815606175
得分小于0
认为不是功能序列
-------------------------------
第8条测试序列得分:
-0.0031408125577064754
得分小于0
认为不是功能序列
-------------------------------
第9条测试序列得分:
-0.10430814994907993
得分小于0
认为不是功能序列
-------------------------------
第10条测试序列得分:
0.09693031329439777
得分大于0
认为是功能序列
-------------------------------
第11条测试序列得分:
0.10677017341177046
得分大于0
认为是功能序列
-------------------------------
第12条测试序列得分:
0.10692033880068623
得分大于0
认为是功能序列
-------------------------------
第13条测试序列得分:
0.09104871454744638
得分大于0
认为是功能序列
-------------------------------
第14条测试序列得分:
0.136896181684991
得分大于0
认为是功能序列
-------------------------------
第15条测试序列得分:
0.08448731716245445
得分大于0
认为是功能序列
-------------------------------
第16条测试序列得分:
0.005065335403867774
得分大于0
认为是功能序列
-------------------------------
第17条测试序列得分:
0.07568706157747865
得分大于0
认为是功能序列
-------------------------------
第18条测试序列得分:
0.08269361691054705
得分大于0
认为是功能序列
-------------------------------
第19条测试序列得分:
0.017680757062909818
得分大于0
认为是功能序列
-------------------------------
第20条测试序列得分:
-0.004406811146958138
得分小于0
认为不是功能序列
-------------------------------------
隐马尔科夫链部分 
HMM转移矩阵
-------------------------------------
0.17756423647378317	0.0895132650929601	0.14288698558596197	0.09003551284729476	0.125	0.125	0.125	0.125	
0.09658536585365854	0.1265040650406504	0.1665040650406504	0.11040650406504066	0.125	0.125	0.125	0.125	
0.1644640234948605	0.07660303475281449	0.15528634361233482	0.1036465981399902	0.125	0.125	0.125	0.125	
0.1794550579392421	0.12730974005637333	0.06717820231756969	0.1260569996868149	0.125	0.125	0.125	0.125	
0.125	0.125	0.125	0.125	0.12551020408163266	0.12897959183673469	0.11836734693877551	0.12714285714285714	
0.125	0.125	0.125	0.125	0.12118780096308186	0.11958266452648475	0.12821027287319423	0.13101926163723918	
0.125	0.125	0.125	0.125	0.1267605633802817	0.12092555331991951	0.1271629778672032	0.12515090543259558	
0.125	0.125	0.125	0.125	0.11890606420927467	0.13000396353547364	0.12604042806183116	0.12504954419342054	
--------------------------------------

--------------------------------------
1 0 0 0 1 0 0 1 0 1 0 0 0 0 0 0 0 0 0 0 0 0 0 0 0 0 0 1 1 0 0 0 1 1 1 1 1 0 0 0 0 1 0 1 1 1 1 0 0 0 1 0 1 1 0 0 0 1 1 1 1 0 0 0 0 0 0 0 0 0 0 0 0 0 0 0 0 1 0 1 0 0 0 0 1 1 0 0 0 0 1 0 0 0 0 1 1 1 1 0 0 1 0 1 1 1 1 1 1 0 0 0 0 0 1 0 0 0 0 0 1 0 0 0 1 1 0 0 0 0 1 0 0 0 0 0 0 1 1 1 1 1 1 1 1 1 0 0 0 0 1 1 1 1 0 0 0 0 1 0 0 0 0 0 0 0 0 0 0 0 0 1 1 0 0 1 1 0 0 0 0 0 0 0 0 0 0 1 1 1 0 0 1 0 0 1 0 0 0 0 1 1 1 1 0 0 0 0 0 0 0 0 1 1 0 0 0 0 0 0 0 1 1 1 0 0 1 1 0 0 0 0 0 0 0 0 0 0 0 0 0 1 0 1 1 1 1 0 0 1 1 1 0 0 0 1 1 1 0 0 0 0 0 0 0 0 0 0 0 0 0 0 0 0 0 0 0 0 0 0 1 1 1 1 0 1 1 0 1 1 1 1 1 1 1 1 0 0 0 0 0 0 0 1 1 1 1 1 1 0 0 1 0 0 1 1 0 
0 1 1 0 0 0 1 0 0 1 0 0 1 0 0 0 0 0 0 0 0 1 0 0 0 0 0 0 0 1 0 0 0 0 1 0 0 1 1 0 0 0 0 1 0 1 1 1 1 0 0 0 1 0 1 0 0 1 0 1 1 0 0 1 0 0 0 0 0 0 0 0 0 0 0 1 0 0 0 1 0 1 0 0 0 0 1 1 0 0 0 1 0 0 0 0 1 1 1 1 0 0 1 1 0 1 1 1 1 0 0 1 0 0 0 1 1 0 0 0 0 0 1 0 0 0 1 0 0 0 0 1 1 0 1 1 0 0 0 1 0 1 1 1 0 0 1 0 0 1 0 0 1 1 1 1 0 0 0 1 0 0 0 0 0 1 0 0 0 0 0 1 0 1 0 0 1 1 1 0 0 0 0 0 0 0 0 0 0 1 0 0 0 1 1 0 0 1 1 0 0 0 1 1 0 0 1 0 0 0 0 0 0 1 1 1 0 0 0 0 0 0 0 1 0 0 0 1 1 1 1 1 0 0 0 0 1 0 0 0 0 0 1 1 0 1 1 0 0 1 0 1 1 1 0 1 0 1 0 1 0 0 0 0 0 0 0 0 0 0 0 0 0 0 0 0 0 0 1 0 0 0 1 0 0 1 0 1 0 0 1 0 0 1 1 1 1 0 0 0 0 0 0 0 0 1 1 0 1 1 0 0 1 1 0 0 1 

-------------------------------------
识别结果
ATGGGTGATGTTGAGAAAGGCAAGAAGATTTTTATTATGAAGTGTTCCCAGTGCCACACCGTTGAAAAGGGAGGCAAGCACAAGACTGGGCCAAATCTCCATGGTCTCTTTGGGCGGAAGACAGGTCAGGCCCCTGGATACTCTTACACAGCCGCCAATAAGAACAAAGGCATCATCTGGGGAGAGGATACACTGATGGAGTATTTGGAGAATCCCAAGAAGTACATCCCTGGAACAAAAATGATCTTTGTCGGCATTAAGAAGAAGGAAGAAAGGGCAGACTTAATAGCTTATCTCAAAAAAGCTACTAATGAGTAA
+++-+--+-++++++++++++++++++-+++-+-+-++++-+-+--+++-+--+++-+--++++++++++++++++-+-+++++-++++-+++++---+++--+----+++++-+++++-++++-++++-++++++-+-+---+-+++--+--++++-++++++++++++--+++-++++++++++-+-+++---++++-+--+++++++++-+++++++-+-+++-++++++++++++++--+--++-+-+++-+-++++++++++++++++++++++-+--+-+--+--+---+++++++-+--+-++-+++-+++








